1767
1055
1242
1065
1172
18
1403
908
413
1309
565
1704
1010
971
125
1482
223
434
663
476
987
1188
1922
1709
1269
882
337
246
930
1278
1599
1910
1740
357
1547
1348
1006
1425
230
1833
1831
829
452
842
1207
1491
1907
1790
1970
268
993
950
825
142
1929
450
1129
872
1224
1978
1186
1193
499
582
1662
1341
86
1506
1476
428
444
1888
1901
334
1180
98
460
1773
1104
958
1257
143
518
354
1711
456
1008
343
1413
124
1326
1174
104
1333
1515
468
292
591
1435
126
934
1260
981
1375
1
569
308
1718
1049
295
1911
155
517
1291
304
1481
405
1380
339
618
1843
203
123
42
38
1941
918
1047
704
1952
1226
1884
634
1659
1656
283
1919
1914
949
1056
1629
753
1146
585
1743
985
876
1150
338
1989
1848
672
1315
1120
171
1988
828
427
1694
1415
1840
9
709
1601
1628
1913
586
465
700
60
1208
457
1927
1342
312
600
590
1092
1445
1564
974
1757
1825
50
1521
1447
685
561
1082
256
1856
693
1196
277
244
387
251
966
537
834
1701
814
1361
1430
1536
1554
1296
706
1230
385
1263
1975
498
1457
797
915
1841
1722
1149
1961
784
982
774
13
922
1852
916
576
1094
227
989
44
714
698
1821
1123
409
1466
1185
1473
629
1683
45
1728
628
1312
1454
1301
1735
1086
1292
1083
219
1793
1053
1248
651
1973
350
202
1490
228
977
887
875
1592
241
1779
731
471
109
422
356
310
852
812
1362
1801
1331
955
986
54
1762
1816
602
1079
509
1639
404
118
147
411
895
1898
8
1926
116
928
1950
21
805
1744
220
1508
562
1492
860
1451
1470
745
865
1373
546
1274
1879
1770
1614
1084
654
870
349
346
14
236
1681
532
1060
879
117
1533
941
917
573
82
1537
1672
1412
328
1020
790
968
1750
425
551
1866
1758
743
1001
1199
1456
1303
1887
564
424
1956
1288
433
1276
1181
1386
270
889
1213
1103
524
785
1892
533
1954
1115
1519
1132
767
262
625
1795
744
372
1302
224
1582
995
1002
1560
284
