519
1951
800
662
285
723
1500
528
1686
1367
1745
1409
19
1000
755
133
1338
398
520
1593
904
621
1731
736
531
177
815
871
291
671
1467
544
319
690
1632
1205
1052
1830
998
1095
606
1905
1377
660
978
719
1842
492
1673
1652
567
26
419
1131
327
162
1860
1732
844
659
190
84
264
899
771
1690
1814
616
144
392
766
201
1902
1258
640
686
204
1155
102
691
1393
1940
1563
1167
1575
226
1496
655
1981
1259
1837
1516
1688
380
1699
1544
1964
1069
1350
259
1460
990
487
1569
1353
454
49
388
1439
1042
555
801
609
1211
817
1154
1090
1876
1318
1406
1540
826
1379
984
1573
1416
272
1164
512
1724
1479
687
222
311
361
1612
106
1581
1170
830
924
892
538
1946
1162
39
1605
132
1764
1857
1606
176
1464
668
1829
79
1505
70
1202
840
713
1798
1402
1501
309
1153
1748
1924
508
1613
1937
1127
234
787
252
711
1340
891
167
1524
1270
340
1223
1206
66
920
951
279
443
506
901
1846
656
215
547
1504
217
975
1669
575
1896
1040
885
91
1112
1021
1855
1713
497
568
1617
1352
542
789
765
149
11
53
1734
756
775
1267
438
1920
1535
374
1736
647
741
1165
317
1117
265
156
159
209
1101
1641
574
1800
869
1969
1433
526
1883
455
1931
1778
556
1068
631
1604
601
1863
1358
1696
369
1594
597
530
1912
967
595
1297
1867
1410
1125
1427
464
1046
751
550
932
51
1285
688
841
231
657
1126
1862
1730
305
584
540
1458
588
467
593
1651
816
1228
1872
276
1239
722
273
1710
1345
1384
778
400
1493
0
1803
232
1295
1452
32
1012
1102
762
235
1890
1359
307
1293
1509
1227
1316
1421
502
1370
1990
851
803
88
1251
906
747
1971
1618
383
737
1760
580
620
783
1514
1512
1382
389
1391
1463
1013
522
1849
1698
263
417
1786
976
1488
1507
1498
511
1528
473
1700
1099
1759
1426
482
831
1363
466
461
119
1864
1714
1281
739
1450
809
1253
1119
720
1142
1109
1570
624
33
1839
667
122
1749
135
1168
1217
496
1739
164
836
477
1023
1768
1237
489
1356
919
1160
1962
238
1499
599
727
81
1324
1321
673
1284
99
684
792
1369
1666
1128
1171
391
1791
1210
313
1631
1523
72
1598
1550
1238
184
793
242
1307
1389
689
225
1097
1461
233
421
1319
1024
900
791
926
972
1368
694
100
154
1693
347
881
1138
835
208
1140
1310
1930
510
969
1107
1723
1622
402
1755
847
27
1179
947
1124
1763
431
1233
299
197
991
145
1517
77
152
1529
1225
1943
1038
321
1664
366
1637
1455
1204
1059
963
997
1311
1784
535
437
503
1397
318
160
1073
1058
78
1453
545
1616
1530
1674
1177
3
408
1873
1835
112
329
46
942
280
1897
83
1219
237
336
1915
1148
458
608
914
748
1900
1392
945
1691
1441
1775
1390
1903
1619
360
1534
728
94
1733
1438
1574
1590
681
1754
1882
1374
1807
960
1980
541
248
36
1810
513
406
849
55
939
1899
735
1031
1166
1004
418
1203
1738
764
1675
130
1635
759
1994
1992
1003
843
957
954
376
1557
701
1642
725
483
367
1355
64
1717
724
1633
1007
649
1484
127
1027
472
359
151
1552
1468
1401
1183
1408
1538
490
1486
1448
1977
182
1371
529
909
692
679
1022
1684
1419
250
1692
1241
1545
1192
594
20
1176
1933
1485
678
287
1886
1215
1851
1695
505
200
1197
