485
128
1955
1411
937
1643
1923
1658
1383
796
1653
1351
31
1088
1252
1098
1936
451
1106
905
548
907
716
1645
1566
894
10
415
925
1838
1420
1624
412
1865
1191
37
1868
111
75
1396
850
578
1063
358
1299
1893
57
746
563
1705
15
626
1751
1327
658
1005
1774
362
1596
1634
921
1329
1610
577
1366
1804
1066
1256
669
633
896
1878
1247
1788
1828
549
214
1236
353
1844
752
910
1075
1806
721
1966
1018
303
613
342
1655
1135
286
43
1273
426
355
1957
1706
952
1782
166
772
1019
363
282
1908
67
992
923
1077
554
1072
1169
1336
1789
1542
1995
853
429
1306
301
1240
183
1265
138
1378
514
1945
652
838
670
1262
1836
845
1608
172
1680
943
1953
623
1158
1602
837
1987
1661
269
1231
446
1805
534
953
877
1603
136
1137
258
912
1337
163
1660
946
1997
1916
1595
65
1449
16
306
1360
1715
1032
56
371
732
536
1417
1405
552
1255
1556
1663
807
481
758
470
1134
1035
1541
40
373
1671
85
1268
1044
903
1275
760
1772
1861
761
1719
1889
1558
999
638
1874
1372
696
1335
1308
484
1958
1934
929
1960
1061
757
247
315
642
927
1163
1925
1280
1895
1423
158
1195
1381
1229
395
1489
161
1703
