328
4646
4373
3103
2564
2843
2028
1747
3880
3673
2971
2282
3975
7537
3597
574
5825
290
6952
5782
355
5705
2869
3369
280
736
1393
1659
6766
3285
5900
6910
6141
3535
6722
1409
5706
3122
2727
6647
1584
6793
3074
2654
2791
7810
5224
5051
7950
7103
3265
3415
6718
3362
4961
1842
5510
3830
6884
197
5328
2007
1623
2789
2391
2835
3268
2131
6222
557
2466
2896
145
2975
939
5657
4146
2460
6916
918
1483
6913
2306
2969
159
2885
4429
5426
2176
6070
2855
5152
2629
5574
2107
4471
3486
7714
2054
4583
6706
3684
5983
37
7159
7297
6445
6621
258
7889
2145
7476
6101
1600
7237
3530
4518
3761
7636
7379
2129
2228
1535
5638
6653
6098
5268
878
3943
6087
1269
481
3621
2154
642
1175
2372
5930
2002
618
432
4465
703
1032
5327
665
2350
7935
238
7356
5411
7982
239
5841
4367
1380
2569
3849
7285
2025
1190
3950
6944
7488
1680
6515
6320
5135
3422
1047
595
1439
7557
974
95
7589
6922
