1465
1228
777
85
31
675
793
1240
330
1576
2006
1975
522
47
1256
1193
1289
286
581
1171
2065
819
459
105
566
753
1357
65
35
1513
861
1157
1115
1462
678
136
625
1555
1451
1259
341
1799
24
1806
828
1792
1886
2057
471
215
1936
1039
328
1391
1896
10
1350
389
1064
1376
799
1154
971
1252
1894
1995
1407
1821
1425
207
1140
1328
852
576
808
1314
1563
1777
1932
751
2001
2033
1858
1219
1808
75
500
935
872
1151
1753
1696
1223
162
97
1982
956
198
1683
813
463
11
962
1346
1993
237
1868
1474
142
348
644
94
309
1594
60
908
1054
1315
1542
1849
1898
853
1769
419
922
1604
943
1749
1772
432
902
1832
1172
1428
1261
513
1332
1726
246
1900
394
433
643
40
2022
659
1544
265
527
1445
147
1531
1969
2092
1453
1008
1355
18
1553
291
1646
297
628
1372
868
1999
1028
159
785
1976
947
1835
1222
1313
978
1371
117
1180
991
1678
1123
103
467
390
84
1
1568
1591
1651
547
1034
661
1628
1213
1000
2079
1744
1620
830
1595
876
1589
249
791
1399
958
1257
1099
528
1587
1583
1516
780
689
2077
295
586
619
1825
1971
544
893
1930
1711
299
1787
1487
2021
462
514
1104
17
404
1299
1618
1761
1480
1308
545
1564
1397
624
489
289
548
1819
650
1298
850
1648
1885
477
1238
42
401
234
1469
1113
386
557
565
1581
1244
1196
1258
1482
2028
630
1938
1430
648
2042
1980
1058
2029
374
1762
492
1706
941
834
1136
1990
653
1945
1353
62
2095
261
932
124
206
199
713
1044
1489
1650
2080
1840
138
1018
1585
179
2091
814
366
444
1057
2097
378
23
733
1830
2012
2059
294
7
1267
892
1730
1735
1512
133
1814
1002
823
945
664
1185
2096
559
1041
197
1322
1844
731
1607
1882
1092
503
1802
1290
523
1557
1901
537
71
256
758
1274
1689
866
1457
1095
164
335
1239
611
20
800
882
1409
442
967
1943
2013
606
417
667
877
1468
89
1183
1027
1380
144
276
1963
232
376
357
1030
1384
1634
750
1750
911
1052
1444
844
1967
248
68
1870
393
723
473
2024
695
422
345
33
241
972
1596
525
1170
1842
1855
480
1727
2068
186
1624
1592
607
942
1250
616
1786
1666
738
1176
1327
99
1131
451
871
1781
1078
1509
778
1166
1442
694
1890
1006
913
466
712
92
1141
2016
953
347
829
1915
486
487
950
639
1834
2078
1134
2030
988
1961
129
1076
83
1510
1608
320
553
1450
1283
262
964
1378
496
1071
880
1103
126
1566
1025
1926
1466
1829
603
472
1558
1742
1345
49
735
1751
1182
9
1997
1335
1952
88
137
384
293
1874
48
300
534
