1672
4180
4345
2619
946
5521
4063
3652
5104
5155
5772
4942
4869
7461
4168
5163
2389
5814
7566
3214
1304
1667
1274
5330
4389
5952
905
7229
5848
1794
843
4042
1970
6155
4149
4482
3165
870
166
233
7997
6443
6549
1721
795
1286
3470
1768
1329
1769
1890
3529
822
4651
2961
960
5597
1290
5371
3515
2508
5454
110
1507
6842
343
4853
1940
403
3111
7232
196
7749
3695
776
544
3407
4415
782
4315
342
5752
6307
3162
3068
2261
3086
431
4089
5624
1611
1235
2089
6249
4145
5699
2414
1069
6103
1158
4076
6815
2591
2877
5410
3559
6041
3209
5757
2691
4236
7849
6105
5721
4759
6379
2578
514
4369
563
3423
311
4803
3499
555
5522
5043
4117
7308
6314
7115
6256
3174
4273
3346
3215
3902
4584
7208
7977
6806
1642
916
1778
6880
775
3367
4058
824
6148
2045
6329
1838
1806
948
3459
3480
3696
7246
7270
6049
2041
587
1291
7444
4131
7934
1643
6230
5787
3693
2066
3506
4929
2711
4780
5087
1139
573
4025
3951
7802
6632
4138
6340
1819
4468
2777
5123
383
3834
50
1200
1540
1537
860
727
4540
39
517
5964
4049
5865
1199
49
787
4077
2576
784
183
2780
6234
7247
81
1450
4211
5446
7261
897
314
2821
4251
4561
1426
751
4177
6440
7053
2032
6108
6248
1359
3100
4270
2779
6442
5897
2850
1215
6652
1718
7805
7221
610
7740
3116
1835
7754
7917
3450
4515
1573
6623
12
4654
7876
7218
4474
5095
6192
5971
2901
4072
4705
1423
6100
4165
3390
2053
3687
2537
1997
5083
7800
4817
6396
6183
761
7648
5298
7067
5363
275
3904
3375
5507
3586
6498
6514
1081
2320
2472
4511
3928
2240
1444
5502
158
4999
7467
7994
5827
6937
1542
7333
5237
4578
2380
4073
1926
730
3113
5915
5244
5018
1063
2895
6078
2958
3753
3252
804
6825
3269
2480
3204
7424
3961
7418
6438
5438
2374
4632
7125
269
2369
6111
5513
6474
4275
4173
3856
6667
4611
2659
3280
6162
7471
3861
4787
5919
4469
7044
2718
6107
7155
5245
6757
3295
5505
3582
4954
2191
4046
1118
6850
6285
3608
1408
6826
2458
4276
2402
5807
2311
2143
4237
7866
0
6556
6352
1880
4300
6645
4353
7522
6955
2853
3483
7321
5672
1883
7366
7602
1898
3662
3869
1812
943
7110
3525
3718
7164
189
7235
4721
146
1216
7806
5210
1801
7317
4703
3465
285
2390
2070
1344
2889
6356
3757
2700
5671
6773
7666
7721
5269
5851
1362
1843
6818
7818
6337
7616
3873
7819
774
5676
7318
1909
3683
5080
1130
7763
3816
3924
3066
1361
3050
624
3814
7404
6845
6244
5666
2804
7673
4136
7498
1430
5527
5014
7000
6896
3644
7817
1644
5202
3576
321
983
6335
912
1692
7544
7028
6406
2894
7442
6751
5890
4587
4174
2423
6031
1431
6069
5074
1613
4302
2254
2300
5617
3550
2742
5987
5875
5122
7087
3822
4375
2492
3240
5205
2544
287
4075
3164
5562
6044
4342
434
2227
2265
616
1753
5275
4863
2785
4099
7030
5258
4916
4013
1572
4495
3511
29
6541
2246
830
7795
3793
7909
5101
246
3212
1905
467
6749
4194
2599
1598
6480
372
3141
4430
4196
5868
7170
6491
5055
7903
5103
2519
4428
1298
4667
4782
1711
801
186
2477
7887
291
4530
4433
7730
7128
7494
7154
2937
5
2090
4935
1963
5590
5233
5832
2454
3546
5412
5445
1944
2938
6553
2606
3069
7945
6927
5588
2021
5313
5564
5506
7613
5403
5394
2912
4183
2595
2858
2211
1619
2808
6726
2696
428
5458
2594
4383
365
6053
2930
4610
7334
2948
3972
34
5088
5332
7734
3610
2775
7743
3381
4016
3025
6383
4635
7538
7391
4009
6532
3716
2957
1799
3062
7896
7493
4374
5023
7588
1836
3366
6561
3722
3155
3588
4680
4348
32
4727
231
7523
6943
1227
7606
5849
6158
6586
3548
1897
13
7368
1120
1470
936
2622
5512
4776
5391
1520
5886
3009
4011
7059
5032
2003
363
7140
3023
2255
3055
1967
836
7998
3994
6856
2046
5120
4957
1617
7075
5992
3108
7834
3674
5295
6117
2424
3520
450
2919
6680
3033
3131
7183
2051
6990
732
160
7839
6062
6264
3989
7037
7658
4941
3703
2035
5936
1960
7966
5928
3910
6345
4008
3585
1587
2559
3073
3348
3352
1218
1471
5211
2506
5220
2444
5186
229
2448
6874
7042
1830
5793
4327
3927
178
1415
858
6879
1224
1478
2513
7965
5805
6871
4226
7572
2086
2713
4051
4213
3377
3664
119
5419
123
734
6470
4745
7294
274
7547
6529
4774
5280
547
5232
248
746
1922
4497
138
2189
3309
7152
6984
72
7023
368
7189
5309
7161
2964
1238
5436
476
5162
461
604
7507
7160
1311
3522
6765
3682
5734
6413
6487
2273
4096
359
76
6565
6619
1738
6909
1275
3343
4382
4535
5765
1451
3712
7799
5415
7970
3105
2368
1460
374
5606
5641
4741
2133
179
1036
295
5632
4434
6348
6246
7309
2860
3767
1441
3330
2164
3000
7434
3011
1767
6861
1247
5317
5857
6986
2530
3202
3500
2401
4994
4395
5980
4546
861
3534
7871
6428
3570
2405
1277
3675
7813
6095
1776
1515
1751
6578
1324
5036
3853
7786
2036
4565
818
4019
5064
7482
3024
2862
2437
6454
4887
7594
4848
7402
5625
3970
4413
6755
831
7643
3685
7124
1149
5570
7480
5208
1013
636
7031
4702
1242
3956
6475
2871
5994
2876
501
7979
4123
1168
375
7088
2383
7812
1244
7832
7129
2968
3248
1417
1647
5176
132
2874
4688
6260
5322
2539
7773
7001
6483
207
1318
1108
1750
7122
2688
2612
7708
5361
3472
3758
6385
125
1688
2318
5497
7447
6392
6639
7899
181
4918
3152
7107
4751
2069
816
2486
2157
1822
7733
7178
5760
6965
4012
5842
2758
5598
409
2533
1187
4637
3702
1487
6229
3510
7973
1327
1443
4480
7349
7266
1599
7944
2611
474
3115
1368
451
4250
1448
3706
6085
3262
3138
7913
5633
3142
1811
2813
4322
1041
5989
6466
6528
391
1302
6692
2429
5834
384
5957
4964
7545
2297
7879
1745
5540
5382
438
6576
2065
6382
655
4343
923
3198
6939
6973
7803
7196
427
3862
2071
5413
1734
4627
66
1453
4299
2892
4750
488
1597
4161
989
3445
2496
5170
3056
1991
3563
90
6220
4222
5944
3059
6831
6207
3795
7697
2428
3158
394
1990
5145
7039
6889
3935
4269
7430
2359
7742
5649
1732
4809
5781
3774
3371
6778
1323
7275
1253
5603
6662
4602
3725
1257
4642
1541
3805
5381
5637
3627
7981
3872
3567
6305
1314
6542
4350
6555
4452
5714
6854
4191
5228
2221
2291
4576
6139
1722
5400
6407
6136
2453
4085
2488
7479
5105
4542
6444
7339
5385
5477
6964
2502
58
524
2985
2551
6591
7645
5129
5920
4265
3539
1988
658
951
3846
4829
4552
7874
1102
2382
1547
2170
6048
694
379
6713
3996
538
2366
519
4193
2059
2050
4310
1998
2734
2244
1388
2913
429
3533
284
659
4897
1167
4410
6196
1087
4349
5137
2425
6068
4419
223
7893
5071
4477
3865
4971
7707
6590
5949
4725
7495
2008
3780
4414
1579
3740
114
6251
3167
4560
4024
640
3639
5027
4292
3590
2686
1040
7383
401
6429
6213
6311
4037
2974
6697
5735
1976
660
7134
4838
2060
2825
2373
5914
6127
823
5483
463
82
6570
2983
2660
6787
6905
6603
1980
3363
4431
2781
4252
1591
1061
6851
2207
1287
3091
7857
7293
7158
4791
2667
1325
1432
40
6308
7670
3897
821
7957
591
3053
535
3203
4993
1425
6318
7716
1548
7996
1871
8
4517
877
5517
2651
1936
3580
5799
214
705
3160
1749
5060
7236
7024
6232
6227
4334
6317
3968
3704
4730
4203
5151
3169
5783
536
4359
518
883
1802
3396
1626
4167
7592
3624
5278
3206
6720
2449
6268
675
6507
439
5360
5193
606
7377
1260
4966
7389
5938
4411
5052
4928
5810
10
3566
5320
3028
5108
6210
4958
4616
6690
2672
7983
7041
417
7827
1621
2013
2646
4820
5554
4822
2914
92
7051
436
6409
6580
2952
2768
6571
2920
4819
4484
5719
2520
4220
5954
1862
3983
5689
5252
4987
3884
5812
5811
6421
1921
7768
5345
2908
2445
3336
1685
59
1045
3339
1742
5084
1575
2992
3323
1348
1609
1987
537
3257
2465
1735
5647
387
6791
5813
5933
7378
5207
2851
5958
5853
5028
6899
6754
3637
5535
645
7605
2984
3729
4175
4816
6750
4451
5079
4246
1248
4397
2384
5405
3190
6380
5022
4634
7851
402
7065
4710
1052
2965
5541
5912
6704
3607
1928
3181
1196
1669
2148
609
7432
1490
2598
742
5741
7532
4968
7238
3437
2587
1992
6961
1384
1089
7864
4766
7984
902
1447
6640
5489
6810
