7492
1401
2577
564
1543
2468
1461
5610
5984
5907
1689
3150
3140
1585
7322
2670
2621
5552
7231
7635
5183
5142
2268
3749
7841
7173
1875
6271
2636
3620
4732
614
7704
7253
7113
7369
5100
3435
6582
1211
6974
7382
7168
134
3019
4360
254
4529
3273
926
2152
7664
1733
654
2307
1681
3149
3669
7654
330
4227
6488
136
1051
1299
1023
7933
4589
4808
5877
4664
1395
2072
4408
1014
6412
430
1607
6701
2196
3843
3287
5286
4372
6219
4110
4927
1531
4448
6493
4092
2362
5529
3572
2608
4023
7034
1614
7098
7420
1088
4856
2918
2547
4022
4955
5555
7454
6650
5348
1695
1076
2399
4647
7427
1210
3244
2120
1233
2434
976
739
947
7885
7828
6453
6995
7292
2839
4079
3775
6269
2299
4264
7436
5293
2705
24
2740
5265
2565
4525
5048
1292
2397
4685
7735
7582
6634
1546
3760
5282
1136
1110
2406
1213
1981
6748
5325
7584
5701
2712
1784
5642
4209
5892
3527
1391
3612
3304
6848
5475
3589
2658
4983
3636
1972
4888
4669
7756
7064
5070
6945
4728
3127
7505
5651
7745
2973
6306
3387
7906
5398
6042
2868
2217
4747
575
4543
3246
6711
711
406
7327
1117
7145
6446
3274
7148
3192
1789
3125
4081
6651
7437
4151
5077
1715
6226
6353
3980
1966
2847
2103
7414
7747
6297
5119
5457
6426
5414
121
5828
7337
772
4473
1349
4763
5178
6594
1188
7974
5816
4693
2272
344
4204
6533
6696
915
2220
3732
2655
3987
1635
4303
4917
6895
3207
5524
3705
4915
4912
4898
6476
1707
5312
4069
3614
6274
2976
1624
5024
3451
6962
65
139
5756
2106
6811
3027
4788
1678
6608
7099
6296
5695
2180
7166
2115
4784
6121
4659
5194
228
4963
6167
1005
3790
3018
2166
3120
7304
2709
1528
1660
5963
2263
2766
5569
7655
28
3397
1090
1495
6339
5323
271
3714
7811
2463
780
278
3223
2945
4336
5720
5537
6936
7374
738
2680
7657
2632
4737
615
5017
1986
6417
3708
7311
4319
5297
2043
7888
4449
5393
686
6258
16
1523
7527
2978
7999
2197
6161
1851
4111
1950
7610
934
5443
2026
4421
2337
2946
3524
809
710
2135
4290
2993
2988
6564
4412
3085
7269
4216
2786
6598
31
3351
4376
5924
4291
2147
6760
3083
2881
583
440
6978
5876
5396
7554
261
341
4314
2511
3318
4078
101
5999
629
3934
1727
7267
7340
3338
600
3724
1791
6911
6511
7310
4891
6342
721
1566
5395
2349
3587
5543
1452
1446
234
4883
4363
5246
6367
1867
505
7723
3161
7665
4698
4769
2085
3399
2829
4330
7460
1255
7609
4790
5204
6472
7804
5482
1375
3689
2034
6987
265
7066
7512
4582
2333
5572
2165
3462
6885
6359
899
6846
5466
7386
1131
6247
1387
1099
5440
2269
5287
1465
3427
5326
23
4735
521
5351
2205
919
3114
3418
2017
6408
7062
3457
3907
6166
1656
2933
5257
4402
3835
4147
6110
7491
4503
4026
7296
2235
3809
545
7210
7985
1634
5854
3220
7111
6912
42
1719
3772
6872
313
3630
6024
2997
5763
131
7586
2891
7916
3227
3573
4380
6039
5988
7330
3923
5847
3132
1355
4391
456
2812
5173
1340
3744
5150
319
3952
4811
7694
140
3428
3645
2322
1021
6928
608
1810
6816
965
7543
3955
5945
2124
3003
1850
4432
1418
3195
105
5274
2639
1805
1405
5249
7392
1793
6174
6795
337
2446
86
4337
1429
2788
6388
1774
441
1064
2422
4257
3095
999
3452
874
7858
1882
1633
5727
6829
7980
3727
2590
580
2771
7731
5677
1232
986
7595
1250
890
4765
814
599
3321
6703
7585
6741
6096
1943
1123
3302
4124
106
3237
7188
7611
1899
3026
6960
5310
4466
4027
4355
7162
6673
1173
1779
6666
889
3599
1983
7823
6020
1164
4824
644
3553
5514
1743
3013
85
3638
7511
607
4757
679
2200
6873
6657
2557
1343
998
3431
2077
5662
6544
5020
5776
1234
1476
2039
2697
5794
2944
6753
7959
3603
7305
3552
340
2367
6524
1015
4835
2136
6763
5037
845
697
2127
259
7563
931
4679
630
677
2928
4176
6900
7458
1804
779
2325
1677
7116
3219
3314
3344
3562
1049
7715
7668
1125
3329
829
582
382
2631
250
3448
7328
1219
1144
4458
3004
952
4396
3812
4093
5786
1912
4309
676
6404
7056
2385
7283
792
2117
4724
6015
4325
6735
4420
5654
4153
4924
4836
3616
4934
7385
731
2782
3334
6908
5470
3893
2723
7417
7752
7426
6504
4764
6867
7446
4956
3200
2158
262
7094
4516
282
7468
5314
4504
4464
7927
6602
1105
6362
5344
2979
3741
850
5367
4441
2248
2104
4205
3087
5607
6996
6858
4650
1389
1068
5423
1814
2348
3496
7992
299
2000
4404
1317
5771
4301
1237
1544
2681
4426
6
1107
2075
2836
7684
4652
5722
5577
6118
249
7105
5039
2760
508
7627
5131
7549
4799
2823
151
7194
2796
6581
1896
298
6168
1258
6131
3833
212
4695
6847
6727
1276
7061
929
3838
3829
5863
7375
7683
4502
6178
419
2512
7497
4568
6785
1854
1865
6225
6153
1555
1367
4087
1341
4945
2514
5996
7614
6328
3057
7286
4038
5563
6833
6071
2849
3813
756
750
5975
5503
1434
7278
690
1082
5700
4263
4169
2055
79
691
1271
6780
4050
1832
637
7085
2819
3312
7040
4673
4284
7632
790
5090
1590
3359
1824
7
4103
7496
6164
7886
1948
497
6729
7197
3306
3403
4862
6218
1281
7343
4100
7021
7487
1172
2174
2795
5869
2765
2684
460
718
7766
4539
6802
1201
3478
5029
5190
568
4172
1254
5342
1501
502
3221
3201
7435
7252
561
1406
7508
3571
1176
2298
7092
182
6624
6187
5149
6257
2260
6725
3984
2483
7026
4748
2435
4598
5691
6025
962
1046
1653
1756
4828
7900
2239
3734
6469
4285
5668
103
4621
6384
643
2285
4840
6501
7727
1533
2931
6531
5138
7233
5086
3316
7580
3411
3855
6744
2922
717
6709
5906
7601
2630
812
1817
7931
7570
7686
6714
3247
2649
4470
3354
5797
596
4965
1714
7043
4614
1557
6133
3077
2493
5762
6377
7809
4677
2668
2852
3261
6011
5904
1170
41
601
1245
3109
1772
1923
210
5929
6838
6360
6883
4512
3469
4321
3679
4126
4004
7365
6486
4400
5940
2841
5982
2798
7082
7211
6981
941
356
4541
7526
414
260
5374
7628
7761
3495
3012
6181
540
1060
504
7359
2679
5300
3850
452
7770
4048
2943
1156
3713
5955
4692
2671
7709
1468
3007
1472
4456
21
740
498
2275
2310
3711
3036
5033
6770
7667
5713
1493
7295
4615
1339
2319
3279
2012
5808
5474
3965
5035
2832
3444
