2375
7279
405
5621
4010
781
7750
2215
6374
3784
4160
7009
7587
3130
1161
3110
7631
7860
2328
1205
2439
3777
4709
5948
1092
4159
1113
3034
7630
1035
1433
3895
6628
3707
4870
4112
2413
7783
3446
7464
5972
6991
5697
1153
3104
5199
6146
5611
2126
206
6745
5380
927
4981
5670
4839
3512
825
1777
3828
1296
5133
6699
1194
2542
1140
5061
4606
2313
6677
6233
7146
1301
1662
2067
4500
1965
6881
2097
1266
7593
3078
7097
6066
5387
4986
5229
7126
2801
3877
4487
4233
1096
788
4895
1823
7060
6012
5724
903
685
3251
458
6027
5976
1646
1876
2412
2756
2283
15
5107
3773
6516
1818
7259
2049
3618
2209
3005
7872
2731
1420
47
7782
230
961
2218
5068
1701
5031
1913
1729
1066
5501
338
5546
5878
7530
4035
4789
2314
352
6540
6097
892
7470
6503
112
539
7525
1225
6963
7700
7702
426
3392
5737
3002
7186
364
2526
5998
1160
3841
7562
1934
4030
5732
6552
4900
2340
994
5485
99
5655
148
2064
7403
6099
1632
6809
848
6728
2403
7408
4715
1154
3016
3509
3800
6120
6920
1138
4258
7387
699
88
2201
1911
3558
4463
2061
4065
3899
4704
1567
6199
4975
2652
362
2294
3824
663
4744
6473
2886
2910
155
1
5352
826
7050
1588
4197
4886
4544
7725
5334
837
7703
2618
2155
3577
3178
638
5626
4959
5979
2029
558
2230
4734
6951
5879
3930
3810
294
4681
3953
4661
2222
1031
423
2553
3487
2752
1265
1665
102
7190
6424
2878
7713
7361
7738
1043
7779
2807
1065
6618
3259
6075
320
232
7175
7801
5553
4711
7213
5779
737
6693
6801
6253
5197
2811
1798
396
1284
1182
970
5820
2058
2308
6643
5792
2661
1849
5146
1902
5694
5653
4232
5495
5063
597
454
1885
2538
6255
1560
5645
6437
3721
7135
2620
142
1459
7640
5639
4524
22
4455
5910
5003
6122
720
3890
5139
6010
6204
2568
411
1641
4528
5571
1726
292
7127
4656
51
652
5663
3820
5432
975
3852
4881
5901
757
1989
854
2955
6322
2271
1839
3960
6171
6521
6892
3974
5435
1645
7150
4057
5549
3896
3598
5407
7319
7661
5833
3370
3299
5704
747
4903
150
7004
1629
904
1137
2582
2682
303
4119
1179
1725
4850
1502
7354
1968
1958
332
2056
6496
5548
6557
7251
4930
656
453
6789
4033
7209
4947
6518
7380
3317
7762
53
6313
4972
3042
6700
2188
2371
559
868
865
6214
3926
4775
3460
4121
3887
4643
2653
5216
2171
6827
1508
6003
2963
3883
2356
1315
1683
6468
3798
6147
729
770
5836
528
1262
2507
3555
5288
6665
2023
4834
3787
5054
5147
5422
1152
3811
6918
4195
1860
3101
864
3789
1072
2482
5140
628
2916
2787
7025
4501
7912
7711
2675
3746
5523
1933
154
1457
4527
1025
3990
3593
5631
5846
3658
2175
6752
6547
4179
1524
512
6820
5266
7367
7394
1509
5830
1133
2178
5492
4244
6682
1657
1400
235
4761
7510
2199
4130
2998
4756
7462
83
4192
5614
1369
6316
1565
1910
1755
7192
3038
4554
4613
3443
5740
5942
7137
6455
1676
828
2411
2353
7481
3808
2259
895
1184
7540
5873
5225
6637
425
4313
1939
6350
693
5338
5358
6008
5484
2433
5169
1612
2637
3058
2093
149
144
2296
3889
1796
1764
4150
2563
5462
3061
2329
7136
2905
4990
7500
3604
7336
4648
4890
713
7100
6794
7604
5791
2640
3420
1505
4910
6933
491
1189
7228
7921
4223
7855
589
3163
4665
7968
3364
4674
2251
7881
4017
257
1020
884
191
1532
4068
30
6941
6983
1894
7204
1350
7281
4633
556
3819
6393
6358
1674
68
4034
4786
4612
3393
4813
2081
7674
4609
3891
602
5864
664
3633
1336
2986
1845
2764
2702
3622
603
593
3054
4090
5267
2770
3185
3218
5000
3666
6600
4388
5802
6361
7775
437
2792
7474
5461
1203
6319
3796
1536
6585
1486
7637
6084
648
2733
1682
3166
4894
7729
322
762
6715
6513
3513
4143
4951
3831
415
1889
6004
3493
7147
4812
3188
2326
4261
2810
5047
6589
1221
2087
525
6282
3894
2882
3719
6373
5723
2692
5893
4029
1132
1019
5213
3600
7619
6239
5968
1394
7396
3310
1809
7216
3096
1363
242
1877
5959
2833
4134
2195
442
671
2113
4493
3449
1166
1797
4505
1582
5062
6672
7191
3447
3690
3395
6707
7101
5733
5817
5289
5746
6211
846
4919
3641
3282
840
256
7759
4225
661
6625
2289
2223
522
5840
283
4107
7220
2118
3845
3236
876
4405
1074
2358
777
3762
566
4080
7854
5738
6543
192
7901
5464
5262
97
650
5113
6200
7662
3663
1497
7086
1445
5073
7891
6767
5903
6134
3199
2245
6291
4102
543
6014
3361
4513
4831
6349
7816
5932
7946
7717
6866
5894
4557
1392
896
1559
3528
358
7184
482
4312
2856
3436
3489
1545
5294
1351
3143
3405
75
3879
4052
6509
2481
5609
5898
724
6072
1808
2431
4461
2288
4208
1222
483
2580
2799
5573
3408
3313
1305
1056
4425
5259
4354
4778
5143
1481
5627
190
380
5386
3467
613
4344
2941
7348
6893
6375
7485
289
6063
4365
7622
959
2754
3357
4335
7274
1878
7859
6478
5939
6273
5708
3665
1073
5384
5343
7991
3032
2600
2870
5990
3441
1307
7777
3501
3583
4683
4691
534
3071
127
5050
4256
1736
4847
4059
2911
7287
3476
4620
2522
2062
3072
1303
1027
6530
3276
5605
3136
7226
3653
5685
529
5682
4902
4245
3677
3508
6281
6149
7929
318
2027
2650
7928
204
4921
5127
346
3245
6461
4907
2038
4641
5565
2441
7639
5456
4694
3485
978
1984
1795
6583
5753
2949
5417
3806
1070
3325
2262
4992
6800
4366
3311
1352
2305
7542
7149
1372
1473
2996
1071
1737
1278
6601
6129
1741
6988
4713
2467
5223
3698
666
1554
2898
7058
4308
3278
3747
7483
5118
1475
1482
3699
2641
3488
937
5156
2011
6238
3791
875
7018
7121
4821
3654
4595
4770
7156
4920
6948
1512
3243
3882
3092
6076
6484
2151
1193
1376
4569
1165
5007
7138
3771
7924
389
4393
3916
2301
5899
3063
1001
353
188
768
7288
3102
4618
1162
244
6287
611
1852
6849
2820
5556
5926
6104
2746
7090
6116
4498
7131
5192
4460
5136
3426
6124
7344
2442
7326
1353
6505
378
3507
5049
6265
5545
4671
3402
3406
4044
1272
7346
6398
3659
4805
1498
2022
4837
5881
4490
2834
7672
1792
1229
4906
7989
5271
1630
3505
7118
7433
2767
1782
7381
5754
2108
310
7376
7829
3650
3400
3182
4238
7793
6860
6343
4626
2562
2290
7214
4684
3380
3866
2202
6102
6862
3766
803
496
345
530
1648
1365
3804
6180
3913
54
224
2
3700
7422
7798
2521
5711
2990
1574
3429
6538
3657
744
4742
2806
2939
3818
308
3139
7911
5012
7291
5230
4249
1552
7455
1775
6410
5421
6914
1407
2052
6869
1946
1223
7519
5311
5013
3146
1959
3640
7353
2794
5803
6182
6717
5575
7720
879
4218
3868
6907
1360
3233
4960
2967
7035
4798
3353
407
7407
6642
6154
6915
7277
7358
866
6056
6878
612
588
7521
2704
7575
554
2110
2381
6946
1853
3606
4289
7559
4055
5656
5758
1625
1357
7451
1386
4644
3123
5431
2409
2212
5991
1879
2516
3847
5251
1518
6394
1731
7671
7533
5504
1846
921
5359
5709
3468
2657
2123
4166
4592
412
1217
4116
1757
4979
859
3365
6660
3903
2842
3967
6679
4899
5056
3015
5373
6626
4653
1826
1198
6206
4127
6575
7590
1192
6034
4140
2738
2737
315
2844
4514
5950
2935
6685
6746
7080
7938
3076
6418
6327
4445
1033
2321
64
185
3743
3438
6567
1671
3241
7298
6740
7778
6477
7789
6730
5634
7282
701
764
5196
1583
7074
6975
3297
1730
7419
4537
4101
5978
4846
3391
2415
6579
3490
7185
6926
2355
920
6676
6334
6458
1901
7010
5622
5604
6732
6723
4286
6812
163
6457
3874
6510
5260
4655
3575
335
1581
6235
4298
2219
581
6371
2100
5973
1280
5870
6792
4118
193
147
7922
3305
714
1004
1673
2098
6280
2464
5845
1580
373
2459
410
4932
4129
4859
4509
4689
1094
5986
7078
7501
7677
6891
326
2747
4857
5703
3135
7771
5946
397
5925
4135
2953
6863
6284
6636
2377
2589
6835
1485
1758
3189
5306
7244
5493
7772
3977
447
3613
5921
4755
4731
6376
1480
3723
93
917
6114
2923
5114
5613
445
7141
3946
6906
7581
3231
3094
3959
5481
4716
4347
4950
7509
1848
4926
5154
1589
7794
5599
3404
2398
4268
395
1748
5093
1947
4296
5780
7073
922
7760
1364
797
6452
1595
2774
6817
5911
6237
7351
767
4485
3079
842
5272
3093
4098
552
7653
1346
1724
5375
888
5718
6969
1297
669
7089
3430
4378
6837
3857
3249
6346
3750
7117
2242
5255
1687
5011
881
17
4867
1620
1428
796
5117
5913
706
3783
2161
7764
2455
7972
7486
7915
4242
4417
1754
2809
4801
4097
4443
6814
2875
7688
6546
4878
7942
5144
5587
7502
6694
5044
1331
6698
472
3401
172
3906
3107
847
157
7571
462
1539
3745
3288
2947
3794
1708
3751
3848
4649
7954
3187
2560
7863
551
3901
3022
288
4607
5823
5444
5576
4453
3651
5219
3342
2673
6781
3578
4675
639
4407
5025
7706
3456
3358
2884
1954
4825
4333
1010
2225
4823
7303
4936
932
3454
3263
7215
7055
5057
2479
