680
760
86
1167
1352
599
1189
465
1387
1661
1991
1338
1552
1063
1396
455
1888
2074
322
1718
1009
1291
1156
491
1178
2043
1804
52
1809
1047
1389
718
1637
245
1486
1767
2082
556
221
1986
867
1940
1935
220
862
1820
1880
604
1456
1120
693
925
1249
1733
1914
684
58
339
515
696
1536
601
1691
1782
1449
115
812
2055
231
1216
722
981
1233
1279
259
1145
589
1899
806
1613
494
1784
377
1447
622
315
668
134
1096
669
1086
1763
1108
1336
1253
683
1937
2009
1015
1075
2051
1493
409
1460
728
915
51
1464
1268
119
1702
1818
596
1306
1304
1958
1910
1992
725
187
1775
1923
53
2005
590
1522
1911
1175
1837
2067
789
846
510
214
825
832
995
1579
564
1722
756
567
2084
1316
2044
1528
1069
192
437
1201
944
754
1831
826
331
1920
208
1913
329
1300
1420
845
1931
519
96
782
2032
100
518
474
2062
1656
1045
1061
399
1033
1603
263
2025
916
1023
1946
966
1883
308
1965
1919
836
1452
1669
573
1964
1736
436
1142
1970
921
1305
720
1438
666
1470
1606
46
817
665
692
784
319
2015
1582
985
1046
414
402
1719
468
1429
191
1236
1632
1319
1635
1588
1321
1839
1615
1360
1682
0
1275
67
1112
865
181
13
521
1917
1527
469
835
1496
95
351
508
61
127
270
1331
424
364
288
349
1245
1520
1418
1343
805
759
1847
1398
360
383
430
1519
1503
2070
1918
87
1684
448
3
1263
1419
1479
755
1674
1675
1543
516
1414
605
1951
1562
81
1010
279
706
1152
1374
965
1400
407
1903
541
1173
242
810
637
1996
190
612
1348
326
920
1128
38
274
1515
1929
1667
504
1824
1067
175
363
1241
114
1443
610
766
776
416
2072
78
2002
1879
1111
195
848
1987
790
1395
1137
552
1556
2011
379
146
1765
1467
1927
230
531
1066
153
54
375
449
1437
1068
578
645
584
2060
1237
998
1427
1491
166
145
1593
1877
1477
479
732
202
550
1053
951
1020
579
1638
327
937
1704
1508
122
1612
1949
1641
362
912
1679
1139
1098
841
252
737
1774
1271
748
310
1905
849
1431
1364
1979
205
779
873
1668
1206
1394
204
936
488
1720
929
213
2026
1021
762
1807
1622
1089
301
1881
1288
1031
2075
425
539
260
2
1037
1293
406
702
1843
899
2083
1179
338
342
520
1102
1215
72
210
792
657
629
1093
224
1340
1272
843
1483
1312
1875
1776
1655
2085
1281
1383
1892
1998
1168
592
458
1132
312
111
707
1117
1478
670
1446
1227
904
313
602
1501
1934
569
961
1402
1370
568
1538
1928
1960
1912
1210
1422
91
446
2040
1788
253
2053
986
499
796
1610
1737
405
1278
1954
