6890
3536
5595
1464
1403
683
2604
5993
3917
2762
2410
2360
7964
3909
1996
2040
7842
354
1424
5221
7176
6669
1773
348
2950
4106
7180
3433
909
3324
5566
886
4287
527
4324
297
2893
4277
4390
2838
3010
6138
6231
1891
2323
3374
3931
7744
6304
2724
2802
6668
306
2744
5353
4423
3184
7466
2452
1699
3075
6030
4749
1145
1827
6743
5404
4437
6432
1945
3918
7597
1785
6584
7726
1760
2475
2716
2645
5652
7741
5961
3939
1148
3694
7598
509
6925
2628
6689
6822
2278
5728
2394
6508
3045
4772
3549
3898
5592
7312
5693
3502
1931
871
3945
7615
1884
7448
1438
4202
7415
7603
2550
7856
6294
2726
3425
4629
1663
7342
7002
7824
3756
3921
3537
2887
924
5778
63
7629
2473
4436
7689
6364
6093
3681
7820
2094
1251
1639
571
7963
5531
5777
7718
4739
2139
2331
3442
2092
7225
7203
6035
240
5997
6992
3474
4682
2683
3328
2573
6372
4802
5296
2073
4706
6497
7875
1938
5094
2378
2846
4356
5253
7506
7534
3398
1861
6721
5399
6419
7905
930
2250
5038
2800
805
7539
2583
815
1841
7569
1185
5542
169
6277
623
3229
6300
464
7091
2674
6293
4619
6369
760
1181
6921
754
963
6005
7692
6449
307
2532
6278
120
5902
1174
1057
2615
216
1969
4259
6970
1615
6593
6217
3210
7307
6186
6788
5935
5191
7440
3737
7518
7647
3717
1886
4
5416
5004
4241
6855
3631
5532
5331
570
4262
7952
5401
3871
4662
696
1268
2179
6959
494
1888
2623
1856
6804
5439
2443
7904
5731
4188
6638
4880
5736
1517
5838
1419
6402
3688
7932
6712
957
3242
5346
7940
2024
2605
5500
74
4559
1606
7423
7410
3797
7969
1150
2457
6875
7484
4974
7151
3301
2345
7108
4550
3413
662
2888
5681
5887
5277
2224
5680
3080
6902
5947
5648
6923
6018
2977
3807
4892
4439
5874
1080
7428
4294
7416
4625
7335
3900
3837
1241
1564
6492
70
500
6836
6399
4185
6079
4435
4401
2607
7705
3948
1180
3875
940
4852
4198
5377
3379
5839
4923
882
2494
1050
177
5856
6315
2387
5449
6560
4793
5819
2241
6776
682
7027
4826
4911
1055
4074
5164
7077
7240
942
361
2140
6203
7892
5661
1995
1440
6036
7254
1226
2146
2515
1704
7106
7687
7976
4519
6599
4931
48
5200
5619
5764
3051
872
7239
2694
1728
1489
3484
3752
366
6324
3526
1506
7719
6471
3995
2150
2900
2229
5263
2128
1053
4385
2987
562
3144
5749
4617
5789
7642
726
2138
2776
5428
1696
3768
765
6128
5557
6190
115
1411
1306
2817
7626
7143
443
3971
7765
6191
3815
5490
1971
7133
2757
7910
966
5082
7853
1917
6954
1834
6596
6386
3736
928
7329
6126
631
585
7698
838
6448
1618
7475
1956
7372
469
60
5488
766
3661
1693
5307
7003
408
5579
3801
6568
3208
5679
2872
7167
3655
7355
7514
4877
4260
2114
1622
2617
5908
6332
1122
2351
2068
684
7364
267
7600
4982
572
161
3388
5630
945
2703
3250
769
4201
5766
3099
3124
3148
3860
3668
4224
3157
7299
4938
1462
844
5970
2084
4792
7260
2231
7608
2676
4726
880
4219
5279
5712
3281
3634
6857
4905
6500
418
5388
5171
3
839
1821
5206
7556
5349
4491
7224
1178
2500
2890
6109
5895
7930
4371
7919
3579
7561
4399
6942
1147
5567
6950
4305
5427
2014
2546
5110
1024
5747
1114
1628
6790
2192
1974
3969
2567
5486
1655
6000
1474
3710
4406
448
3386
1519
5860
3544
7395
1863
1820
3648
5871
1937
6205
433
2999
6592
4510
2848
6061
2601
6245
810
1484
6250
5478
1500
1264
2719
208
5010
6221
4762
7868
4506
7401
305
1887
6351
6198
279
6427
6614
1786
7438
6170
1873
955
2534
6140
4053
6272
5130
4200
6344
3978
2571
4865
7313
1864
1416
2327
5453
4212
1313
6980
5884
87
7943
4000
5102
7599
7758
716
7682
4738
371
5424
116
4719
6537
4534
2616
2303
1829
7005
6113
2031
7384
6403
1893
5582
1562
2698
6177
733
5015
5177
202
6659
3888
1740
2805
6023
3134
3919
873
1586
5106
2666
4028
7838
632
7013
2981
7096
2816
2662
20
7878
3049
3145
4874
6261
5081
5159
226
7967
1195
6971
2956
325
1870
6759
1011
2183
1691
7821
6312
6263
7048
6465
2555
6738
6006
3565
198
168
7691
7263
7724
222
791
5585
7071
5115
4056
1048
2193
7503
1371
7199
2772
3912
3755
4893
6295
5896
5516
1007
5041
6859
6539
996
2432
1525
3030
1951
1993
4481
6467
4352
674
7757
4254
548
7517
6459
7620
1759
3911
4666
827
2927
5664
1973
5518
6587
2498
1771
1263
4020
2156
1079
4288
5934
6169
2037
111
5885
2470
3596
385
388
2427
4580
3986
2531
1366
4815
3475
7163
938
7017
1103
3691
954
4060
1126
4328
339
351
964
3832
893
2861
2597
1322
7669
1551
7993
1510
5730
2663
5618
1608
4326
5180
708
6615
7675
7171
5181
7649
2203
3253
5283
6333
1249
3172
4723
853
3601
5217
6303
33
773
6641
5796
5559
5185
3289
2006
4062
3029
2408
857
6929
5231
5658
3421
3290
4047
3957
7567
5009
5471
4949
4733
6774
891
3557
3205
6019
7971
5303
2476
6768
590
7553
7441
4545
7445
3825
4996
5560
3671
2111
5620
6201
2105
4064
7822
205
7499
2644
969
1668
4690
4152
2626
626
5659
2009
4446
4553
164
7345
104
2167
5448
531
300
5591
4243
3840
1256
1067
1790
3255
7068
4041
3728
7256
5452
3226
4306
5519
5784
972
3238
1857
689
2364
2827
1975
5319
2584
5844
1442
2880
5195
5923
4885
819
2249
4889
785
6185
5872
2610
2585
5602
109
7753
7746
935
5809
3920
3964
7412
4845
4088
1402
4341
7902
6613
2004
586
5508
2194
5905
6919
3384
1627
7897
6189
634
2685
7739
7894
3492
5134
376
4384
2213
2541
7862
3477
2915
7276
5366
1333
4882
3942
2572
5092
6807
1604
3008
7988
128
3615
2163
4548
5302
7941
124
3234
165
5716
5515
5581
2783
3765
4814
3046
5238
3867
2276
5089
2883
7123
6163
1652
2335
6482
6522
3944
728
7690
2743
4558
2720
7272
4125
7536
4952
7431
1129
2462
653
3333
2447
1720
130
1075
7808
1197
3060
7651
5538
6157
5188
3439
4217
171
6739
5665
4424
5473
1412
5688
5643
2951
5179
5324
195
3742
7865
5684
2991
5383
6366
3932
2525
5078
480
7515
3782
5669
1044
4830
1319
6671
2687
5076
5299
6236
2748
7936
6485
6215
6924
5392
4639
3541
6519
7054
6868
55
6803
6644
7271
4939
1596
7262
5969
925
1488
1746
5273
7541
3538
6611
6242
2917
1337
6563
3039
3417
2717
778
1593
6844
5761
2909
991
1016
2280
1994
6994
6081
3461
1427
3345
1116
6033
2566
3266
1146
1003
7079
7019
4040
7177
73
3052
7439
4631
6336
2730
5494
4206
11
625
7370
4586
3692
2099
6734
170
2678
5019
5558
6405
493
7732
6989
5072
789
4807
2287
3037
5241
5172
3225
3731
2277
2184
594
2907
7325
4113
7679
7102
7722
6631
7212
2338
4896
268
449
4045
7132
2528
7411
4758
1414
7227
6903
2859
5243
5615
3591
6824
4729
5800
5824
6310
6252
7114
7961
1766
1550
5744
743
7242
5751
1907
3331
6525
6901
621
2430
7825
6022
2083
3514
5189
7728
1399
2233
1358
3733
5536
7596
247
2339
3564
4364
3378
6675
237
807
2962
3303
7660
2830
4248
1308
317
4797
4440
1577
7008
3228
347
5234
3117
6397
6550
7680
520
1202
5292
3635
2142
3697
4777
6414
968
1017
1686
69
52
6769
1009
5379
3089
1961
3275
3494
6940
1492
3531
7459
802
4944
1112
1636
3908
7837
6283
672
4754
7490
175
7788
5636
852
2484
1962
4523
4071
6938
2186
7223
7181
6002
4014
4282
6545
3153
1530
25
1143
7877
2361
2721
4922
3595
5409
6710
5960
7153
2238
2648
2116
422
1906
5160
392
1186
5046
1252
5826
4767
5308
7255
5355
2579
6588
4658
1029
3754
3788
5837
1855
1522
1018
2016
5264
6949
4368
1413
2924
6843
7399
5835
2386
4362
6606
1558
6612
979
3270
1713
6298
7558
4120
7104
6574
2392
4427
5965
3937
5629
6089
515
3350
4866
1321
174
1294
1422
1109
5222
2160
1246
6073
1243
1124
3581
4841
173
5729
2270
598
5085
329
2491
1603
755
1332
849
1034
6086
6152
3419
7504
2316
7583
2274
6176
5097
3954
1631
4351
2638
1929
7390
1637
117
3647
7398
3372
3625
6687
5855
4818
7020
6299
6435
77
2198
3676
6719
45
2548
4810
5472
