859
15
188
2038
5
1803
321
1878
1578
64
247
438
1540
727
346
1573
1707
323
963
171
1659
483
165
1100
1295
2037
369
1779
1535
897
1676
711
626
1740
698
507
178
815
1036
903
582
2093
804
634
1933
1155
1654
914
688
8
1280
1386
613
352
116
1122
2008
1642
1783
1392
1411
41
1869
1207
2090
1811
1388
2099
332
1269
2000
1042
1454
2064
593
551
999
1525
411
1864
1358
1150
715
482
141
763
1649
239
1405
398
524
982
400
1906
506
490
787
151
1549
952
984
354
980
167
1362
729
1354
1461
609
1016
1109
344
1309
739
854
1220
1569
1285
280
1101
1077
123
1645
555
1262
730
1717
1860
4
656
781
1574
910
647
618
1764
336
708
1694
640
255
1235
1324
1082
45
1085
890
773
1845
1341
840
1153
1247
1204
1739
1724
1545
1664
1297
59
1768
1485
562
1377
1609
783
1974
223
1502
1584
1853
938
1759
182
1003
130
538
1363
1854
1697
1296
76
1791
1723
1158
740
1011
1590
1725
1602
505
484
1232
80
1797
839
168
901
591
1734
1947
1107
372
996
1705
158
28
227
1815
184
1320
681
82
1625
1349
1129
570
558
1500
1265
1246
1981
1731
454
939
1209
1959
896
1195
1891
160
1130
1231
716
968
1709
445
361
1636
1365
337
1548
1198
1611
1401
1658
749
638
1379
736
413
1074
833
1554
121
745
2003
801
19
251
306
1521
1760
1872
1079
1887
150
642
1856
530
1873
464
1989
1862
388
1118
1953
2069
1955
1367
1758
1677
924
512
1524
290
1757
1476
1361
842
1867
1084
1146
1106
1994
1369
476
1833
498
1475
770
139
108
1347
1700
453
1148
886
1026
283
543
1022
1688
2019
501
358
1191
1942
1056
1344
1070
1695
1080
620
949
131
1059
1644
1871
176
816
1703
1318
1660
721
435
209
1439
79
403
1276
889
1455
218
803
1005
74
1639
1169
56
765
281
746
1851
1857
1375
1850
575
370
649
671
460
1823
392
302
305
434
1539
798
408
1144
1165
870
1698
1440
863
317
824
264
254
1944
410
1024
700
878
1876
2048
1895
1710
333
102
1507
757
1597
359
1410
994
1498
1205
1035
183
22
632
1801
2061
744
1317
1626
2034
2071
113
1435
1518
774
1950
1277
1124
387
682
1083
1426
447
1708
1091
2035
1161
1968
1529
1287
577
1190
1517
1448
1270
838
1812
1681
118
960
1672
1983
1534
1511
1822
1741
807
2052
856
155
572
73
461
450
881
761
990
923
316
1472
135
353
1852
1135
1988
905
1282
1560
70
1732
1962
1307
1985
583
1162
2098
1571
1494
1138
894
673
1627
1273
2018
2066
652
1301
837
1194
1334
1310
934
1403
600
811
1286
1125
173
906
170
714
1294
2014
269
1459
174
979
193
502
742
1771
767
285
163
1752
1600
481
277
1013
355
1577
415
1559
1789
1481
879
418
822
1302
1174
1323
809
608
2031
1640
660
2004
397
382
25
633
1012
1049
1473
677
526
1060
1605
1337
1490
1728
1255
957
226
1406
495
2047
69
452
1902
546
266
1105
2020
149
1505
34
1841
909
917
222
1119
212
2094
180
554
303
1159
1565
1908
771
701
334
1957
662
1038
55
1164
1670
1471
90
940
391
272
535
1662
1716
29
1260
542
371
