225
7477
3179
2826
2149
5528
5551
3619
4547
3617
4067
7070
141
6276
3701
4522
1310
2210
5212
3047
5768
6758
542
4043
7835
6302
3307
1978
5362
3854
4943
3730
1449
26
6813
6834
7535
1228
3976
3463
4094
5333
1825
3670
3799
4215
5985
1592
5339
1404
6646
4467
1456
4904
1770
6241
1347
4332
400
1127
6326
7845
1267
1385
2478
806
2864
4190
499
5305
219
6262
6695
3885
7338
2256
7937
3335
6609
1761
4489
4386
143
5750
1320
2005
2897
1526
2015
6115
7230
6633
4978
7341
4594
4454
3985
723
6074
3667
6067
2609
2396
7883
107
911
6179
6451
3224
61
1097
3296
5304
3844
695
6209
6656
735
5290
1335
2588
5451
1373
2354
7852
478
3940
4601
1171
2352
6630
2341
7633
2153
2857
1334
5099
6026
421
7882
2216
2330
4442
4438
1077
1463
4210
5831
1717
3827
3609
5943
221
5941
2574
4137
4018
6017
5030
5770
709
4293
5931
3327
1151
7659
7529
7947
3337
2714
2044
523
2831
984
2845
1466
479
3561
2536
7710
6604
3159
5686
1807
3594
1833
6898
3479
887
4579
203
7576
1638
3133
1377
4967
7958
995
2523
4316
1712
4884
7258
6562
7450
253
6733
7685
1282
4157
1706
1679
5888
7463
312
833
4155
6046
1654
7951
5468
2030
3194
1977
2970
5520
7069
46
2042
2693
7555
6904
4141
4239
2469
1098
7826
3021
1038
5347
5775
495
1183
7591
4122
2972
5867
4707
3709
6821
4740
3491
990
6464
4687
4054
4109
2420
560
7347
1800
5801
255
4478
7076
4531
7045
2708
7949
7289
4379
2342
577
6572
5042
4970
5594
7737
5026
6462
2926
3239
5075
3222
3863
6223
3803
4779
5059
5544
2370
6479
7022
4832
6798
3556
5356
4593
4588
565
4394
118
1594
7172
6052
4358
6681
5429
4746
3759
5769
1868
6463
7472
241
4998
7273
3151
1204
1467
4591
741
7350
7453
1781
2363
7767
6423
7352
5859
4871
2517
6888
7057
5284
2596
7699
5067
4115
7787
967
7990
6370
5008
4753
3258
1206
2980
7206
5623
3523
6661
2921
7528
4855
4657
2942
4980
5850
7187
5696
851
2001
5235
1914
901
4499
3232
4182
2172
6742
5534
5116
213
5578
5174
1085
6595
4564
7323
7513
7029
2581
3014
1084
973
635
3778
3070
7306
3876
2074
6551
7222
6088
4909
245
7032
6805
1345
5112
2304
5069
1765
5390
5821
3118
4842
2750
1312
4032
7360
3098
4422
3277
6144
6777
3592
5455
5016
5675
5184
4148
3001
4164
6434
3424
5496
3193
5167
3322
3230
6301
6347
2185
783
199
2586
6764
3947
2214
5209
6047
6731
6775
5788
5247
1328
1106
1062
3521
6489
6325
4908
7925
5526
1920
2236
6648
7015
6143
1527
3254
4800
6341
1710
1008
5601
3315
2503
526
7049
2343
369
3963
7578
7546
758
5354
4108
2624
5161
2080
5141
7781
5227
4663
2778
771
3129
2181
3628
5001
4624
6664
7548
2499
7112
3090
6321
4604
2177
6389
1763
7331
3905
5066
7095
3632
1220
3128
4409
4562
5715
7393
4240
5111
2554
4860
579
2784
1866
3176
3482
4144
1576
5690
5459
4538
6559
7975
698
5650
670
1874
43
2535
7884
7696
1925
293
7776
3349
678
798
1783
507
4381
4036
5442
704
6106
2739
6997
1895
688
4221
276
6716
5499
6616
7565
4700
6548
5550
2699
1111
7898
5476
5773
2642
2753
3941
2237
5962
2732
2286
3341
6771
3542
944
4914
263
2664
5434
4913
6605
3748
1570
1513
4462
6425
5956
2332
4806
2614
4861
7473
4985
1709
3498
1159
6422
7036
5739
7552
3368
4603
6684
4854
7780
36
3414
6554
1605
1381
6125
2803
2524
2603
811
820
1556
5469
2243
4162
7840
91
4717
7072
1952
6932
7202
3360
4021
3764
1026
7953
6266
4295
5795
5372
1504
5337
4253
5480
7093
6870
272
5806
1330
357
5798
5916
424
5132
7656
5966
3264
6966
5951
67
1398
5157
5148
1869
1511
5745
5977
867
6882
5291
6145
4002
6808
6243
1949
3286
3260
7290
5644
7564
3481
3518
2558
7174
1649
5815
4307
129
7846
2736
2773
2079
2669
7693
1494
5530
162
649
2647
2293
5340
126
3156
2436
5182
6028
5098
763
6979
100
4279
2925
7918
1828
327
627
3739
1702
3376
5759
1208
3300
541
6390
6065
3171
465
4387
3154
1904
7179
4104
5418
4577
7012
6786
7449
2954
4969
1293
5612
800
2995
3332
1115
6135
6526
1859
215
3726
38
4572
6894
6058
7850
3936
1538
2552
5433
646
3792
3554
4274
5702
7084
2751
4447
4785
3180
5710
2456
6520
4005
4235
3574
576
1697
4003
817
5547
7109
6736
5318
1396
2873
1410
692
227
3962
4638
950
546
3067
5250
5586
4444
4507
1847
4555
7844
89
7790
7063
2505
971
6832
6569
1338
1121
2190
477
2119
1477
122
715
5774
4686
4267
3870
794
5596
3914
3291
4311
2208
2063
4486
7478
3271
605
1932
3543
470
2121
2759
2489
3356
4184
7363
1942
1378
7873
468
1100
4879
3382
1454
390
862
6172
1651
7867
2643
914
2284
7695
3973
211
6481
6043
3966
1037
3308
4701
1261
393
2763
184
4156
7796
3504
786
7861
6309
7320
4006
2162
4984
3786
1382
6972
516
3892
7650
2347
3319
6357
6517
4794
3473
2419
4230
2487
420
6527
399
5698
647
398
6368
7712
7245
3272
855
1700
3821
6416
6819
6617
2292
6993
4925
3020
5261
1918
5767
832
404
6566
5465
5683
752
6957
7409
7371
4229
1309
759
7083
3082
1212
5580
5166
5175
5402
4158
5256
1739
1964
2357
2082
6091
2815
4091
4170
152
5406
4736
6456
6286
7955
3642
3878
992
2317
5866
5045
2593
6982
6401
2461
584
1142
6535
2509
7880
218
6032
7890
7956
6059
3672
4858
1927
894
1230
156
7568
5315
4398
4581
2257
5121
5124
4228
2960
19
5040
27
6365
4556
7452
3183
4370
7831
71
1435
5674
446
3779
44
6188
7046
5608
1054
6080
2281
4266
2677
567
1916
3605
6998
6737
2471
3982
6877
7200
2656
485
841
2407
5365
5153
988
6387
4989
4199
6378
6577
6865
4479
7986
6886
4873
4320
506
906
1549
5239
4585
3217
1661
2365
6772
2279
985
336
7268
5981
4988
7962
5511
2627
3686
4940
4271
7201
2295
3458
4459
6935
3383
2814
4977
2865
2936
4670
6649
1095
2501
6573
3373
2474
4962
7923
1840
4105
1169
1000
793
6839
3958
1091
4720
1664
3340
6431
4722
7520
7681
2518
5858
4536
7301
511
3355
1093
2706
898
977
700
7033
6762
5667
5742
243
2635
2312
7791
3170
1813
4095
5498
5215
7300
3385
1955
6184
94
619
7217
3284
6323
7119
4645
3933
5804
667
7357
2169
2822
6216
2689
5281
3660
6208
681
4340
2940
799
6783
4255
6060
3088
7198
5862
4181
3988
2187
5165
3216
4678
1675
1941
2633
5350
4231
5717
6007
1694
7400
2137
6635
2315
7038
475
7193
3211
1601
4039
301
6430
1436
6953
5600
7011
6439
4280
1469
6607
3175
220
908
349
1503
550
680
707
1421
4804
2109
4329
673
4901
4403
5646
6090
533
6985
2959
80
2824
1279
6132
386
5692
1042
2450
2735
367
981
856
14
6436
4567
2749
2904
3097
3643
4450
4563
7248
2159
1844
6956
1752
3568
1134
5276
6355
1058
2421
3715
7908
1578
133
1300
3106
3781
3656
2101
2266
6150
296
885
57
2393
1455
413
1723
7995
6130
7241
2863
3545
5240
3256
5583
2267
6159
4843
7406
2879
2769
913
490
1571
5203
4532
6658
6433
2840
6499
7792
4622
7457
2226
5002
7641
1568
2173
7373
5378
4636
5743
3532
7516
1236
3294
3649
2264
1787
7926
1326
6779
2247
1999
3464
113
2376
3497
1374
7784
6289
6338
2033
5214
5425
7797
7207
4605
3826
3678
3551
3064
4457
236
5021
6627
3035
2490
503
6683
2504
7836
457
4697
949
2741
6495
1209
749
3048
4574
4189
3320
7617
4708
5974
617
3886
4696
510
5640
1930
6092
3440
1059
2966
4015
5882
3859
7465
1273
7315
5364
7157
5829
4995
6420
4608
3173
4031
3177
900
7870
302
4283
808
1155
4868
532
1858
4475
6691
7624
6045
3137
3044
3043
2379
2867
1370
753
7978
5509
324
323
4492
6747
4061
3466
6708
1908
3471
1356
725
5880
5316
5726
167
2144
813
4628
4214
6674
2057
1529
2527
5937
2989
4872
5909
5128
4660
6797
4549
5357
2078
4496
2934
381
3680
1128
7324
7130
6123
1231
4668
7284
270
370
4084
651
4833
5589
3147
7987
578
2095
6021
745
3516
3720
3925
6852
7302
1900
6112
3434
7280
1283
5125
1135
4070
7165
2020
7421
956
958
2438
6224
1022
7621
7425
3547
7265
2253
4933
7560
2932
620
1705
6512
5034
187
6686
1177
6782
6212
444
2828
1919
2701
7362
1157
2168
7429
2761
7205
4278
4827
5748
7848
3191
1650
641
1561
2088
6784
4570
6202
2234
2854
4526
7577
3763
2715
7195
2556
6897
5198
2395
2745
6655
6534
7182
4066
2416
2903
7663
7623
3626
4154
933
6038
7047
3646
2592
2388
6705
553
3235
5525
4234
1569
4973
4991
5450
5927
7644
1240
2417
6688
7607
2010
3999
1521
3776
4186
3851
5467
3126
1658
953
5584
4551
569
486
2899
2451
2485
1383
1924
2728
489
5329
6051
6391
993
6009
6354
4178
6958
907
4418
416
982
2258
6400
5397
3326
7456
6702
2665
7676
7219
5058
1957
6841
3584
5441
2722
5687
2725
7443
7701
4247
