1045
794
1727
90
911
1030
1586
1246
1085
1480
1434
874
1404
216
440
1444
1676
1636
589
1689
253
1344
140
278
1264
1576
1577
1465
1437
1145
1184
1630
1555
58
480
185
823
1400
1983
188
605
290
379
557
804
1043
857
1365
1017
1399
1525
500
448
1343
1116
738
779
1313
1854
1011
1917
1414
34
1111
281
382
1087
1462
1752
381
1286
192
1034
1644
289
335
175
494
1036
1850
254
397
178
878
570
255
1436
1041
1880
198
325
553
386
191
1290
23
129
1091
1809
95
1667
639
1996
676
1559
1323
1062
1330
1216
73
297
1398
196
948
74
1781
854
249
275
469
648
806
1670
1615
399
1271
858
1304
1567
1870
1968
615
1209
646
153
818
5
1395
139
1081
1048
1424
1346
884
1904
1546
1156
1858
257
1580
137
855
1716
1565
632
245
862
824
1812
1471
1967
479
1074
1646
795
1746
189
1190
2
351
1894
827
1503
69
1918
898
157
97
89
988
1387
463
1130
1122
1783
1832
819
169
1422
165
1232
1459
776
