1859
741
831
1889
268
533
36
1050
764
1373
1690
1254
1127
381
238
623
676
421
107
1495
636
1643
250
1356
768
2063
112
1798
39
598
691
1652
1828
2087
440
1243
1325
172
1212
895
1977
1229
1463
1939
818
1221
1599
2027
423
954
1530
1149
2088
1192
1416
1184
1547
1412
1966
1199
1408
1014
1514
1415
1657
2010
1572
493
1848
2076
161
1211
365
1436
1838
719
976
235
1770
1793
699
154
587
1097
77
973
26
439
1714
2056
1653
898
1826
457
1693
1575
1004
1303
658
1617
1203
1007
1537
1458
1673
104
2081
110
775
1687
797
710
1284
874
851
1417
907
1907
1488
1546
152
597
847
1121
975
529
470
987
267
1817
109
1794
1663
1342
1863
747
475
395
233
891
821
927
997
1202
704
1242
1533
2049
1619
1743
196
1701
1978
2023
588
2054
1181
1680
769
143
705
169
1251
1747
1746
287
1796
1715
1586
1073
883
977
1671
177
1200
1551
875
1484
1351
1778
884
948
128
1382
1745
1133
1956
1713
2007
1633
532
1366
441
1385
225
788
1017
959
1685
1368
271
2050
560
63
1721
373
420
585
1126
1088
148
580
1413
900
385
203
1754
1541
2073
1333
426
1766
1948
1114
1187
635
1941
1773
1339
44
734
1561
1040
1780
1748
1621
888
431
654
615
57
864
2086
6
350
1492
1043
930
1686
786
1810
14
194
820
185
1264
324
1214
2041
1570
969
1924
651
752
16
1630
1567
292
1311
655
1984
511
983
933
795
258
1116
1188
855
1019
296
1836
485
674
594
1197
663
641
298
860
926
992
1506
685
157
240
1884
356
1160
284
1433
974
1072
869
1861
1922
1226
478
1623
1893
1972
43
1616
1432
98
380
27
1925
2017
1785
703
571
1800
827
946
717
273
236
563
1755
120
919
101
1224
1081
1523
1029
1629
1065
1441
690
396
1048
30
429
1218
307
1790
1421
201
1631
561
257
314
318
340
1738
1051
217
2045
1163
955
1712
697
1756
427
887
443
278
672
125
726
1665
1866
1601
1805
1055
1921
1094
343
1846
1248
1234
497
140
1225
1330
1904
66
1147
574
885
709
621
989
1424
1143
1404
794
37
2039
1390
132
614
1816
1359
517
1973
1177
1186
857
106
1001
216
1692
311
1897
993
189
617
93
1326
428
918
1795
200
646
509
1292
304
275
1827
687
2058
32
1062
1329
219
802
627
1393
1699
1580
536
724
21
2046
229
1266
686
367
1865
970
1813
1087
1217
1090
549
1532
1598
631
12
2036
679
1208
1614
1230
1497
1032
456
228
858
1647
1916
1550
156
1909
282
595
772
931
928
1504
1729
412
1381
325
1526
540
1434
743
1110
50
211
1499
2089
1423
244
243
