403
352
1963
1250
607
1794
527
1064
1108
1627
961
1151
1198
933
1959
377
1527
1827
1813
1820
491
1600
1349
962
17
1159
1029
1279
1834
523
1665
1626
1741
302
680
407
1015
447
733
664
1761
368
1885
781
24
1976
1244
559
101
384
730
965
1249
1584
441
1921
665
1797
1214
1742
1708
1502
754
868
393
1407
1869
1697
1551
1385
478
705
92
1753
902
35
1300
627
205
1026
488
1818
717
1974
148
110
401
1080
1287
396
1702
856
515
1494
571
1729
1725
566
866
274
474
1578
239
786
1811
180
240
345
1143
558
436
913
1875
1201
718
1539
507
170
612
799
832
699
811
423
1585
1623
442
134
495
1314
1429
1339
863
1799
1294
1472
543
1039
1549
493
1178
641
1607
221
1611
703
1328
938
1802
1320
572
76
1078
873
944
1474
1070
1518
1182
940
808
1649
1625
598
1283
1909
1620
1650
390
179
1891
1325
1949
1654
445
886
1376
1657
611
1562
195
320
29
1707
22
1440
435
1136
1175
768
1543
936
1999
296
28
1993
1906
973
1572
674
462
587
802
105
1531
121
316
324
710
1853
1446
1187
893
622
332
822
453
1173
504
604
614
1475
1776
1587
1787
52
187
93
1526
71
1272
1678
120
956
206
1057
1947
333
777
1009
326
1638
1984
420
1245
430
525
25
1938
260
1266
300
68
1110
769
1785
1428
1189
1016
213
931
610
1113
1817
740
1118
211
521
1354
141
1965
1571
30
643
1944
1979
661
341
964
115
1737
763
1054
1589
1948
1859
174
1442
1194
459
683
788
821
1668
322
330
193
1243
1014
1141
323
1679
859
780
1588
80
1771
1682
1726
150
1394
1121
370
897
1220
4
1553
1235
1568
715
839
229
1677
410
1766
770
1687
1478
630
194
114
501
1076
107
181
1431
61
486
935
378
880
712
207
617
1648
596
707
1114
682
980
1105
261
432
782
12
41
734
1388
1511
108
749
1469
314
1621
1522
298
1756
820
348
1597
848
59
87
96
1298
1100
1780
798
1261
1139
1028
970
560
1050
199
364
1792
1037
344
750
1881
650
1720
1826
1147
1822
888
983
1305
636
1510
1495
1712
1819
773
1685
173
243
1051
864
1932
742
592
103
1972
293
1747
48
1721
1033
1877
7
267
131
146
1942
365
331
702
288
1640
1583
833
1332
603
619
271
697
449
1991
1986
644
1808
695
1847
1487
729
1796
645
846
1089
516
1845
1647
1609
1765
1513
1532
1157
1289
1254
1985
266
1477
1161
1218
1025
867
375
1221
1067
63
294
675
168
1234
677
416
653
6
1200
1998
1561
1823
813
1317
581
1443
1334
